0.439803 -0.617032 0.646544 0.709515 0.0269917 -0.0150315 0.138418 0.112265 -0.0547012 -0.0116151 0.124254 0.100081 -0.0105125 -0.0319783 0.104308 0.0838833 -0.359904 -0.0719517 0.14851 0.119819 
0.44038 -0.616442 0.644971 0.709935 0.0297498 -0.0123129 0.137238 0.11109 -0.0707946 -0.0279863 0.122102 0.0988078 -0.0106785 -0.0318905 0.104072 0.0837133 -0.357 -0.0612909 0.147358 0.118903 
0.441027 -0.61516 0.641087 0.708015 0.0317516 -0.0107693 0.135868 0.109858 -0.0879562 -0.0400813 0.113921 0.0924801 -0.0112525 -0.0312019 0.103825 0.0835244 -0.354047 -0.0527239 0.144343 0.116382 
0.441113 -0.607301 0.622212 0.70314 0.0328499 -0.0101253 0.134533 0.108712 -0.100041 -0.0443374 0.107066 0.0870111 -0.0131706 -0.0302974 0.102893 0.0827908 -0.351364 -0.0442213 0.140736 0.113363 
0.44161 -0.598618 0.601936 0.697331 0.0339393 -0.0099034 0.132512 0.107029 -0.108149 -0.0482976 0.0998669 0.0812366 -0.0170246 -0.0328053 0.101389 0.0817038 -0.348349 -0.032758 0.135016 0.108572 
0.440742 -0.590526 0.578093 0.68585 0.0341545 -0.00958363 0.130783 0.105592 -0.116241 -0.0536802 0.0909567 0.0740768 -0.0237969 -0.0401131 0.0944824 0.0763159 -0.344507 -0.0156823 0.129735 0.103977 
0.438941 -0.581866 0.556475 0.671779 0.0342965 -0.0110541 0.125538 0.101336 -0.123831 -0.0591384 0.0821897 0.0670244 -0.031137 -0.0466318 0.0866924 0.0701813 -0.342018 -0.00193587 0.124706 0.0996582 
0.43553 -0.573376 0.532118 0.649284 0.0330394 -0.0114571 0.119798 0.0966683 -0.130207 -0.0646606 0.0752333 0.061442 -0.0376307 -0.0518002 0.0790582 0.06412 -0.338736 0.00909469 0.120964 0.0964314 
0.429709 -0.563775 0.509311 0.62511 0.0310812 -0.0147008 0.111116 0.0896805 -0.135466 -0.0705189 0.0683531 0.0559082 -0.0420477 -0.0547627 0.0751684 0.0610456 -0.337691 0.0131702 0.11838 0.0942869 
0.42254 -0.555531 0.484712 0.597755 0.0280436 -0.0185071 0.102306 0.0826011 -0.139554 -0.0753368 0.0632296 0.0517866 -0.0457791 -0.057027 0.0716145 0.0582215 -0.337446 0.0145128 0.117098 0.0932405 
0.416018 -0.552022 0.453949 0.565856 0.0246758 -0.0244384 0.0943026 0.0762137 -0.144124 -0.0828806 0.0592481 0.0486329 -0.0494904 -0.0587543 0.0685005 0.055735 -0.33742 0.0147723 0.116653 0.0928832 
0.40952 -0.551972 0.426413 0.53466 0.0204827 -0.0322021 0.0871717 0.0705625 -0.148985 -0.0893255 0.0554792 0.0456246 -0.0528602 -0.0611746 0.0668427 0.0544426 -0.337446 0.0150085 0.116267 0.0925716 
0.404198 -0.54496 0.415393 0.523708 0.0165116 -0.0487293 0.078754 0.0639761 -0.152809 -0.0952186 0.0523479 0.0431256 -0.0560152 -0.0635566 0.0652407 0.0531896 -0.337871 0.0159833 0.115143 0.0916594 
0.397232 -0.539029 0.405817 0.509854 0.0133535 -0.0607558 0.0730584 0.0595417 -0.155809 -0.0999787 0.0503972 0.0415842 -0.0581703 -0.0633759 0.0648389 0.0528666 -0.339142 0.0165998 0.113076 0.090008 
0.391259 -0.532663 0.399018 0.496192 0.0113634 -0.0670516 0.0706452 0.0576976 -0.158142 -0.103161 0.0497602 0.0411085 -0.0607032 -0.0629964 0.0640477 0.0522276 -0.340723 0.0178773 0.111145 0.0884468 
0.383417 -0.522407 0.393534 0.484103 0.00930916 -0.0783026 0.066858 0.0547828 -0.16025 -0.106041 0.0492482 0.0407329 -0.0637269 -0.0628479 0.0631703 0.0515213 -0.344063 0.0204415 0.108316 0.0861479 
0.377696 -0.515806 0.388191 0.470711 0.0074126 -0.0860507 0.0647345 0.0531757 -0.162658 -0.109647 0.0487881 0.0404044 -0.0674764 -0.0631231 0.0620006 0.0505827 -0.348856 0.0221457 0.105298 0.0837173 
0.371868 -0.519232 0.37697 0.435636 0.00520096 -0.0903882 0.0638216 0.0525078 -0.16471 -0.111166 0.0486442 0.0403121 -0.0708027 -0.0611175 0.0614823 0.0501442 -0.353746 0.023477 0.10274 0.081661 
0.366193 -0.51748 0.371699 0.417386 0.00321123 -0.0933062 0.0632256 0.0520784 -0.16628 -0.111958 0.048754 0.0404203 -0.0740522 -0.0564867 0.0609582 0.0496633 -0.358702 0.0264608 0.101048 0.0802529 
0.362391 -0.514626 0.368141 0.405659 0.00118107 -0.0980067 0.0627698 0.0517876 -0.167812 -0.112862 0.0487607 0.0404403 -0.0771214 -0.0530746 0.0604261 0.0491832 -0.364203 0.0317476 0.0997111 0.0790747 
0.359049 -0.512152 0.364161 0.391603 -0.00085567 -0.102785 0.0624999 0.0516524 -0.170006 -0.116155 0.0492783 0.040917 -0.07965 -0.0513986 0.0601947 0.0489765 -0.369418 0.0349322 0.0981214 0.0777447 
0.354808 -0.508235 0.360755 0.372172 -0.00292482 -0.110226 0.0619781 0.0513452 -0.172548 -0.120352 0.0499742 0.0415564 -0.0819039 -0.0491265 0.0599253 0.0487288 -0.376811 0.0393365 0.0964277 0.07631 
0.351049 -0.503793 0.357742 0.355593 -0.00484871 -0.120826 0.0603979 0.050188 -0.175945 -0.127173 0.0509891 0.0424991 -0.0843626 -0.0490862 0.0596623 0.0485271 -0.38407 0.043979 0.0951907 0.075229 
0.346634 -0.500297 0.353973 0.3362 -0.00671055 -0.132678 0.0596635 0.0497609 -0.17988 -0.134104 0.0529689 0.0442626 -0.0902571 -0.0580694 0.0589497 0.0480779 -0.391901 0.0445958 0.0937297 0.0740596 
0.34336 -0.495177 0.348402 0.305237 -0.00789564 -0.141236 0.0592514 0.0495564 -0.183197 -0.140999 0.0536253 0.0449042 -0.0944828 -0.0621607 0.0591329 0.0483051 -0.400574 0.0436603 0.0930232 0.0735233 
0.340384 -0.489926 0.342182 0.270185 -0.00929802 -0.14811 0.0599045 0.0502303 -0.186702 -0.147871 0.0539235 0.0452504 -0.0974397 -0.0641349 0.059412 0.0485655 -0.408126 0.0424679 0.0925677 0.0731869 
0.338102 -0.484976 0.333846 0.227148 -0.0108129 -0.15361 0.0601762 0.0505553 -0.189921 -0.153559 0.054622 0.0459128 -0.100263 -0.0660639 0.0594521 0.0486317 -0.414888 0.0414025 0.0925658 0.0732111 
0.336544 -0.478648 0.326186 0.172883 -0.0122419 -0.15711 0.0605414 0.0509221 -0.192087 -0.156601 0.0556426 0.0468158 -0.102327 -0.0655072 0.059927 0.0490115 -0.420267 0.0412989 0.0925522 0.0732021 
0.331962 -0.473162 0.314549 0.117794 -0.0133033 -0.161526 0.0608303 0.051241 -0.194095 -0.15972 0.0564327 0.0475228 -0.104393 -0.0650106 0.060652 0.0495955 -0.425265 0.0421404 0.0924517 0.073104 
0.328986 -0.466632 0.30681 0.0571236 -0.0145524 -0.167842 0.0609878 0.0514782 -0.196321 -0.164908 0.0579137 0.0488542 -0.105961 -0.0656554 0.0612029 0.0500612 -0.430198 0.0431004 0.092664 0.0732523 
0.328208 -0.460616 0.301576 0.015707 -0.0159582 -0.17425 0.0612553 0.0518109 -0.198243 -0.169157 0.0594091 0.0501862 -0.107816 -0.0675228 0.0619257 0.0506897 -0.433931 0.0436205 0.0929975 0.0735041 
0.326591 -0.455848 0.295966 -0.0234289 -0.0176425 -0.181039 0.0618988 0.0524726 -0.200152 -0.1741 0.0612266 0.0518042 -0.110118 -0.0699598 0.0625892 0.0512774 -0.436689 0.0432477 0.0933818 0.0738182 
0.324487 -0.450176 0.291556 -0.0603968 -0.0187559 -0.185594 0.0623524 0.0529375 -0.201647 -0.1773 0.0629117 0.0532843 -0.111446 -0.0705232 0.0633412 0.051906 -0.439014 0.0425927 0.0937478 0.0741239 
0.323443 -0.446516 0.289681 -0.0778359 -0.0194185 -0.187705 0.0630383 0.0535623 -0.202454 -0.178759 0.0642738 0.0544652 -0.112284 -0.0705803 0.0637963 0.0522836 -0.440558 0.0427407 0.0941532 0.0744411 
0.322203 -0.439787 0.287625 -0.0982884 -0.0199211 -0.188452 0.0634058 0.0538904 -0.203446 -0.180309 0.0654312 0.0554721 -0.1132 -0.0708625 0.0642745 0.0526809 -0.441647 0.0431198 0.0944803 0.0746916 
0.321336 -0.435884 0.286073 -0.111557 -0.020472 -0.189839 0.0639372 0.0543673 -0.204512 -0.182576 0.0667908 0.0566638 -0.115858 -0.0768505 0.0662577 0.0544229 -0.443035 0.0434009 0.0948768 0.074997 
0.319703 -0.431902 0.28317 -0.129143 -0.0209981 -0.19208 0.0645168 0.0549034 -0.205579 -0.184297 0.0681159 0.0578166 -0.119128 -0.0835264 0.0684752 0.0563668 -0.444978 0.0424759 0.0955163 0.0755274 
0.319369 -0.428536 0.280726 -0.143818 -0.0213566 -0.193678 0.065033 0.0553751 -0.206812 -0.186094 0.0690724 0.0586592 -0.121308 -0.0885499 0.0710384 0.0585759 -0.446625 0.041296 0.0966037 0.0764173 
0.319648 -0.425707 0.278814 -0.15398 -0.0218209 -0.195042 0.065593 0.055879 -0.207919 -0.187627 0.0701744 0.0596221 -0.122779 -0.0911979 0.0723504 0.0597038 -0.447917 0.0401183 0.0978096 0.077403 
0.320001 -0.422011 0.276148 -0.16677 -0.0223963 -0.19663 0.0664359 0.0566272 -0.209155 -0.190065 0.0716612 0.0609317 -0.125407 -0.0987139 0.0735166 0.0608028 -0.449522 0.0380278 0.0990164 0.0784125 
0.321079 -0.41493 0.270821 -0.18891 -0.0229705 -0.197895 0.0671356 0.0572505 -0.210697 -0.195523 0.0741434 0.0631522 -0.126723 -0.103209 0.0751887 0.0622741 -0.451539 0.0344654 0.100096 0.0793575 
0.322735 -0.404584 0.263604 -0.218319 -0.0234684 -0.199006 0.0677194 0.0577689 -0.211588 -0.197835 0.0758823 0.0646762 -0.12754 -0.10704 0.0769515 0.0638181 -0.453737 0.0306787 0.101503 0.0805693 
0.324191 -0.391576 0.255028 -0.250474 -0.0240994 -0.200259 0.0685861 0.0585314 -0.212336 -0.199732 0.0772193 0.0658487 -0.127673 -0.107327 0.0773144 0.0641248 -0.455503 0.0272162 0.102852 0.0817309 
0.327323 -0.366279 0.235522 -0.293728 -0.0246491 -0.201203 0.0695088 0.0593392 -0.213396 -0.203961 0.0795225 0.0679012 -0.127885 -0.108248 0.0777909 0.0645369 -0.456834 0.0249262 0.104066 0.0827526 
0.330332 -0.34331 0.218669 -0.330394 -0.0252094 -0.202065 0.0703632 0.0600857 -0.214203 -0.206374 0.0811985 0.0693809 -0.128638 -0.110852 0.0792489 0.0658019 -0.457832 0.0228712 0.104944 0.0835047 
0.335637 -0.326709 0.2022 -0.359572 -0.0261328 -0.203414 0.0718604 0.0613951 -0.215152 -0.208315 0.0830496 0.0710034 -0.130351 -0.118462 0.0820412 0.0682901 -0.459155 0.01892 0.106502 0.084849 
0.339705 -0.311348 0.188483 -0.38198 -0.0269219 -0.204313 0.0731408 0.0625094 -0.216025 -0.210502 0.0847598 0.0725099 -0.131987 -0.124453 0.0847489 0.0706766 -0.460558 0.0141404 0.108256 0.0863769 
0.343018 -0.30049 0.176604 -0.399143 -0.0278928 -0.205043 0.0746573 0.0638221 -0.217304 -0.214314 0.0864257 0.0740173 -0.13372 -0.129958 0.0867962 0.072501 -0.461781 0.00915078 0.11038 0.0882112 
0.345157 -0.289649 0.166118 -0.4132 -0.0286889 -0.205728 0.0761598 0.0651208 -0.218443 -0.217881 0.0883042 0.0757035 -0.134957 -0.134719 0.0879715 0.073576 -0.463058 0.00463148 0.112268 0.0898447 
0.347863 -0.276274 0.154129 -0.427703 -0.0293659 -0.206412 0.0776997 0.0664523 -0.219434 -0.220634 0.0896515 0.0769152 -0.135605 -0.137675 0.0895599 0.0749692 -0.464454 3.58543e-05 0.114131 0.0914651 
0.350193 -0.264978 0.143878 -0.439591 -0.0300639 -0.207268 0.0789935 0.0675772 -0.220051 -0.221951 0.0907775 0.0779084 -0.136679 -0.14174 0.0914831 0.0766713 -0.46553 -0.00604362 0.116437 0.0934835 
0.351693 -0.255954 0.135347 -0.448505 -0.0308461 -0.207923 0.0803967 0.0687897 -0.221099 -0.225497 0.0924871 0.0794545 -0.137387 -0.145371 0.0929124 0.0779526 -0.466748 -0.0115686 0.118513 0.0953087 
0.352738 -0.245797 0.126051 -0.456819 -0.0316064 -0.208789 0.0818447 0.0700478 -0.222017 -0.228341 0.0936652 0.0805251 -0.137681 -0.148083 0.093927 0.0788631 -0.467442 -0.0166444 0.120536 0.0970795 
0.35404 -0.236532 0.116205 -0.465042 -0.0322552 -0.209641 0.0831824 0.0712131 -0.222697 -0.230253 0.0947947 0.0815381 -0.137826 -0.149017 0.0947635 0.0795885 -0.468188 -0.0213538 0.122214 0.0985647 
0.35526 -0.22855 0.106949 -0.470746 -0.0327838 -0.21038 0.0844589 0.0723237 -0.223222 -0.232205 0.0960417 0.0826553 -0.137903 -0.149866 0.0955669 0.0802844 -0.468481 -0.0243415 0.123743 0.0998834 
0.357044 -0.2204 0.098169 -0.474528 -0.032963 -0.210773 0.0851204 0.0728995 -0.223501 -0.233102 0.0968692 0.0833881 -0.137927 -0.150545 0.0962957 0.0809142 -0.468472 -0.0254479 0.124469 0.100501 
0.360576 -0.200078 0.0806742 -0.478865 -0.0332152 -0.211221 0.0860725 0.0737245 -0.223842 -0.23421 0.0980852 0.0844616 -0.137844 -0.151768 0.0976957 0.0821264 -0.468405 -0.026373 0.125329 0.101221 
0.363138 -0.18538 0.0654412 -0.482652 -0.0334473 -0.211623 0.0870794 0.0745951 -0.224277 -0.235235 0.0992032 0.0854468 -0.13784 -0.15378 0.0995944 0.08378 -0.468424 -0.0271878 0.126159 0.101918 
0.365571 -0.17298 0.052132 -0.48537 -0.0336351 -0.212091 0.0883076 0.0756587 -0.224707 -0.236204 0.100356 0.0864638 -0.137785 -0.155356 0.101185 0.0851595 -0.468506 -0.0284086 0.127345 0.102914 
0.366762 -0.168163 0.0447631 -0.487567 -0.0338406 -0.212478 0.0894608 0.0766545 -0.225103 -0.237176 0.101739 0.0876805 -0.137851 -0.158805 0.103809 0.0874701 -0.468629 -0.0301523 0.128868 0.104201 
0.367589 -0.164553 0.0387529 -0.489299 -0.0340209 -0.2129 0.091003 0.0779856 -0.225594 -0.238214 0.10328 0.0890346 -0.137879 -0.162612 0.106898 0.0901917 -0.468677 -0.031266 0.130027 0.105176 
0.369843 -0.156583 0.0283701 -0.492617 -0.0341272 -0.213295 0.0926478 0.0794032 -0.226225 -0.240197 0.10535 0.0908756 -0.137881 -0.166198 0.109935 0.092869 -0.468831 -0.0338731 0.132316 0.10712 
0.373379 -0.14783 0.0157111 -0.497105 -0.0342408 -0.213761 0.0940941 0.0806547 -0.227003 -0.242083 0.107419 0.0927111 -0.137692 -0.170267 0.113387 0.0959178 -0.468959 -0.0367724 0.134913 0.109328 
0.377198 -0.137831 0.00251606 -0.49976 -0.0343979 -0.214288 0.0955307 0.0818996 -0.22794 -0.244047 0.109656 0.0946971 -0.137619 -0.173676 0.116574 0.0987269 -0.468881 -0.0393123 0.137429 0.111462 
0.381323 -0.126248 -0.0117404 -0.501967 -0.0345616 -0.214943 0.097869 0.0839226 -0.22875 -0.245918 0.111994 0.0967702 -0.137511 -0.176193 0.118976 0.10084 -0.468575 -0.0434485 0.141066 0.114574 
0.384882 -0.116296 -0.024385 -0.504391 -0.0348947 -0.215613 0.101756 0.0872714 -0.22942 -0.247387 0.114481 0.0989673 -0.137169 -0.17893 0.121639 0.103185 -0.468198 -0.0468493 0.14443 0.117442 
0.387073 -0.109996 -0.033072 -0.503935 -0.0353151 -0.216415 0.106114 0.091029 -0.230055 -0.248951 0.117421 0.10156 -0.13689 -0.180716 0.123901 0.105167 -0.467823 -0.049734 0.147511 0.120063 
0.389517 -0.103593 -0.0420015 -0.503425 -0.035406 -0.217312 0.111519 0.0956898 -0.23071 -0.250793 0.121249 0.104936 -0.1366 -0.182398 0.126231 0.107208 -0.467535 -0.0517967 0.150067 0.122228 
0.392453 -0.0946282 -0.0524884 -0.499891 -0.0354388 -0.218129 0.118025 0.10129 -0.231404 -0.252949 0.125296 0.10852 -0.136146 -0.184062 0.129915 0.110398 -0.467125 -0.0540951 0.153072 0.124774 
0.39569 -0.085617 -0.0623781 -0.496358 -0.0353016 -0.219069 0.124355 0.106751 -0.232145 -0.255437 0.130833 0.113413 -0.135595 -0.186074 0.134421 0.114305 -0.466613 -0.0565871 0.156755 0.127885 
0.400643 -0.0719381 -0.0730658 -0.493596 -0.035154 -0.219867 0.13191 0.113255 -0.232847 -0.258112 0.137211 0.119047 -0.135337 -0.188176 0.138088 0.117517 -0.465934 -0.0595023 0.16112 0.131577 
0.406947 -0.0466231 -0.0862352 -0.48632 -0.0350314 -0.220396 0.141156 0.1212 -0.233492 -0.260975 0.144877 0.12581 -0.135067 -0.190779 0.142587 0.121477 -0.465023 -0.062957 0.167073 0.136596 
0.412389 -0.0290446 -0.0963273 -0.482622 -0.0352923 -0.221252 0.151883 0.130437 -0.234231 -0.2642 0.153654 0.133569 -0.134749 -0.193623 0.147299 0.125634 -0.463923 -0.0672809 0.173652 0.142192 
0.417884 -0.0181642 -0.106817 -0.477569 -0.0359405 -0.221514 0.162993 0.139965 -0.234921 -0.267864 0.162051 0.141044 -0.134403 -0.196981 0.153221 0.130859 -0.462526 -0.0723225 0.181575 0.14894 
0.422146 -0.00641698 -0.11554 -0.471958 -0.0363309 -0.221391 0.175657 0.150812 -0.235434 -0.272036 0.172348 0.150217 -0.133766 -0.201545 0.162273 0.138833 -0.459994 -0.078824 0.192661 0.158382 
0.425044 0.00104891 -0.120379 -0.467404 -0.0369297 -0.221496 0.188081 0.16146 -0.235992 -0.276493 0.184657 0.161166 -0.132596 -0.208441 0.176235 0.151192 -0.456687 -0.0863728 0.205527 0.169379 
0.42799 0.0119878 -0.124559 -0.464885 -0.0374327 -0.221956 0.199279 0.171081 -0.236381 -0.281222 0.201483 0.176082 -0.131407 -0.216259 0.192245 0.165403 -0.453344 -0.0940117 0.220331 0.182021 
0.43268 0.0287634 -0.125676 -0.465663 -0.0378995 -0.222551 0.210681 0.180895 -0.236769 -0.286503 0.220951 0.193379 -0.130259 -0.224965 0.211152 0.182213 -0.449752 -0.102529 0.237179 0.196464 
0.438466 0.0460637 -0.122459 -0.46576 -0.0384491 -0.222819 0.224091 0.192413 -0.237194 -0.292669 0.239597 0.210087 -0.129146 -0.234184 0.231712 0.200547 -0.444258 -0.112907 0.257348 0.213852 
0.44209 0.0633343 -0.119098 -0.461948 -0.0390907 -0.223808 0.236761 0.203351 -0.237162 -0.299155 0.260758 0.229079 -0.127647 -0.243654 0.253961 0.220434 -0.438052 -0.122617 0.280344 0.233597 
0.444823 0.0751482 -0.114194 -0.460401 -0.0400379 -0.224949 0.250409 0.215145 -0.236907 -0.30705 0.28355 0.249706 -0.125667 -0.252664 0.277843 0.241734 -0.431965 -0.133178 0.302269 0.252627 
0.446819 0.0891826 -0.107898 -0.456641 -0.0407358 -0.227096 0.263365 0.226441 -0.236623 -0.314705 0.306901 0.270874 -0.123308 -0.261309 0.305286 0.266154 -0.425029 -0.141115 0.327292 0.274063 
0.447334 0.0927175 -0.103542 -0.442016 -0.0416263 -0.22939 0.280612 0.241451 -0.234991 -0.322143 0.329051 0.29103 -0.121225 -0.270722 0.329932 0.288355 -0.417501 -0.150187 0.35238 0.295764 
0.447144 0.0996648 -0.0989321 -0.42971 -0.0425863 -0.232027 0.299336 0.257783 -0.233253 -0.329789 0.353197 0.313054 -0.119378 -0.280054 0.355769 0.311708 -0.41126 -0.159263 0.373268 0.31407 
0.446518 0.109271 -0.0932528 -0.416867 -0.0436909 -0.23471 0.318033 0.274105 -0.23096 -0.337004 0.379981 0.337433 -0.116707 -0.290146 0.384893 0.338154 -0.404299 -0.168077 0.396742 0.334635 
0.445184 0.118573 -0.0875382 -0.401454 -0.0451637 -0.238276 0.337228 0.290987 -0.228897 -0.344145 0.406552 0.361703 -0.114297 -0.300234 0.41296 0.363807 -0.397149 -0.177706 0.421264 0.356283 
0.444116 0.124911 -0.0836271 -0.390052 -0.0464384 -0.242774 0.355898 0.307561 -0.227251 -0.35113 0.431663 0.384751 -0.112234 -0.309639 0.436143 0.385221 -0.390005 -0.188222 0.444763 0.37731 
0.442649 0.131445 -0.0793086 -0.376359 -0.047978 -0.247744 0.375976 0.325441 -0.225892 -0.358104 0.455995 0.407193 -0.110765 -0.318402 0.459648 0.406934 -0.382317 -0.197984 0.469659 0.39954 
0.440955 0.137455 -0.0758314 -0.362076 -0.0495149 -0.253142 0.39611 0.343457 -0.224616 -0.365908 0.478784 0.428487 -0.109408 -0.325265 0.483229 0.428512 -0.374393 -0.208041 0.493911 0.42139 
0.43944 0.143252 -0.0729062 -0.349972 -0.0512273 -0.258727 0.417114 0.362303 -0.223159 -0.373134 0.503253 0.451277 -0.107669 -0.33415 0.511899 0.455014 -0.366595 -0.216186 0.517759 0.442718 
0.437727 0.147043 -0.0710943 -0.339845 -0.053197 -0.264953 0.439626 0.382605 -0.221907 -0.379513 0.528007 0.474259 -0.105419 -0.34139 0.538328 0.479376 -0.358716 -0.224409 0.542287 0.46477 
0.435138 0.150953 -0.0686467 -0.327261 -0.0560486 -0.272247 0.467833 0.408067 -0.219621 -0.387314 0.558284 0.502518 -0.103088 -0.348079 0.564867 0.503835 -0.349977 -0.232553 0.569207 0.488946 
0.432293 0.155577 -0.0654473 -0.317678 -0.0585638 -0.278579 0.491834 0.42981 -0.217978 -0.39362 0.583029 0.52568 -0.10114 -0.354056 0.58381 0.521552 -0.342102 -0.238554 0.59107 0.508569 
0.426842 0.16953 -0.0537883 -0.297078 -0.0630146 -0.287445 0.532762 0.466727 -0.214633 -0.402999 0.623946 0.563985 -0.0975447 -0.366236 0.617846 0.553874 -0.328317 -0.245073 0.627124 0.540529 
0.424459 0.175463 -0.0489785 -0.287216 -0.0652368 -0.291066 0.551037 0.483227 -0.213507 -0.406521 0.638908 0.578056 -0.0954055 -0.371987 0.634628 0.569877 -0.32249 -0.247009 0.642179 0.553797 
0.420177 0.184381 -0.0417064 -0.273348 -0.0695563 -0.298286 0.584514 0.513688 -0.2122 -0.411929 0.666938 0.604294 -0.0914776 -0.379717 0.663901 0.597437 -0.313208 -0.252844 0.667618 0.576784 
0.415928 0.191544 -0.0359734 -0.258035 -0.0744285 -0.307433 0.621631 0.547756 -0.210858 -0.4197 0.703277 0.638596 -0.0892358 -0.387255 0.699106 0.630343 -0.301782 -0.258695 0.699029 0.605 
0.413636 0.194928 -0.0330266 -0.250944 -0.077915 -0.31276 0.647459 0.571375 -0.210312 -0.42423 0.723162 0.657466 -0.087922 -0.391739 0.719949 0.649909 -0.295233 -0.263474 0.717118 0.621589 
0.409614 0.199986 -0.0273577 -0.24062 -0.0830692 -0.32175 0.686145 0.607044 -0.208188 -0.428303 0.753065 0.685344 -0.0886285 -0.39981 0.75302 0.681263 -0.285948 -0.27089 0.744663 0.646958 
0.40421 0.206611 -0.0187973 -0.224212 -0.0892349 -0.333781 0.728056 0.646315 -0.204015 -0.43237 0.793329 0.722723 -0.0888504 -0.408342 0.792007 0.718154 -0.276143 -0.279587 0.779029 0.678611 
0.401821 0.209343 -0.015466 -0.214409 -0.0918163 -0.339178 0.747634 0.664698 -0.201575 -0.434447 0.814425 0.742362 -0.089122 -0.410828 0.812352 0.737023 -0.271645 -0.285252 0.795871 0.694497 
0.398619 0.210638 -0.0112849 -0.197201 -0.0953619 -0.345302 0.778349 0.693135 -0.199044 -0.436684 0.842842 0.768723 -0.0889704 -0.415275 0.838054 0.761232 -0.26505 -0.292974 0.821013 0.718146 
0.394321 0.21198 -0.00580079 -0.178374 -0.0990681 -0.351317 0.811792 0.72407 -0.196191 -0.439812 0.872322 0.796323 -0.0889216 -0.418908 0.863415 0.784996 -0.259353 -0.29902 0.84681 0.742046 
0.38973 0.213538 0.00104028 -0.16038 -0.102224 -0.356691 0.838986 0.749417 -0.193352 -0.442381 0.897297 0.819736 -0.0888784 -0.420176 0.888438 0.807929 -0.255162 -0.303204 0.868483 0.761961 
0.384657 0.215009 0.00816983 -0.143776 -0.106571 -0.361107 0.870746 0.77863 -0.191236 -0.445877 0.923312 0.844347 -0.0881641 -0.418198 0.912057 0.828803 -0.250042 -0.309623 0.891986 0.784088 
0.380009 0.217132 0.0137625 -0.128394 -0.110158 -0.366334 0.898557 0.804617 -0.187839 -0.446795 0.948275 0.867392 -0.0874086 -0.412257 0.931261 0.844675 -0.24423 -0.3171 0.911222 0.802822 
0.376183 0.219567 0.0175006 -0.117888 -0.113158 -0.370023 0.923276 0.827533 -0.185143 -0.444879 0.969715 0.886469 -0.0866432 -0.406374 0.947107 0.857493 -0.238507 -0.321551 0.926197 0.817104 
0.37236 0.222229 0.0193207 -0.106536 -0.115513 -0.374412 0.94699 0.849794 -0.181161 -0.435205 0.993217 0.905359 -0.0852406 -0.393728 0.964811 0.870213 -0.23035 -0.327286 0.940628 0.831307 
0.368658 0.224573 0.021876 -0.0952123 -0.117162 -0.375399 0.97399 0.874123 -0.176081 -0.432423 1.01074 0.920671 -0.0836205 -0.382938 0.980394 0.881475 -0.222139 -0.327513 0.956254 0.845165 
0.36616 0.225399 0.0238512 -0.0889289 -0.118727 -0.3726 0.990734 0.888278 -0.173538 -0.430372 1.02124 0.929722 -0.0824398 -0.379124 0.988132 0.887451 -0.215142 -0.324042 0.967024 0.853808 
0.362147 0.226975 0.0273857 -0.0784251 -0.120884 -0.367413 1.01567 0.909075 -0.169474 -0.426701 1.03897 0.944916 -0.0795333 -0.374769 1.00608 0.902451 -0.202733 -0.315965 0.986436 0.868888 
0.358303 0.22608 0.0311833 -0.0706098 -0.123232 -0.367302 1.03694 0.928023 -0.163818 -0.41715 1.06807 0.968743 -0.0725012 -0.3566 1.03705 0.925277 -0.193499 -0.309566 1.01357 0.891107 
0.356731 0.225885 0.0322607 -0.0682793 -0.124231 -0.367395 1.04619 0.936309 -0.161744 -0.414492 1.07835 0.977369 -0.0661216 -0.350031 1.06139 0.9452 -0.191095 -0.30445 1.0301 0.904214 
0.353599 0.225506 0.0337468 -0.0627172 -0.126646 -0.366192 1.06345 0.951354 -0.159893 -0.411197 1.09534 0.991877 -0.059301 -0.346726 1.08593 0.966231 -0.187976 -0.293832 1.06169 0.928908 
0.350733 0.227088 0.0352758 -0.0574243 -0.127898 -0.366428 1.07507 0.9618 -0.157945 -0.398762 1.11041 1.00187 -0.055009 -0.332541 1.09886 0.973615 -0.185926 -0.292397 1.07701 0.941962 
0.347055 0.227161 0.036206 -0.0522024 -0.129826 -0.36248 1.10151 0.98422 -0.1556 -0.386524 1.13242 1.01815 -0.0545105 -0.324671 1.12211 0.991921 -0.185036 -0.283714 1.09591 0.95598 
0.343615 0.227372 0.0373712 -0.0468459 -0.129371 -0.354247 1.1292 1.00643 -0.155485 -0.37073 1.15746 1.03586 -0.0563936 -0.312418 1.14492 1.0084 -0.184351 -0.279888 1.11138 0.9684 
0.339048 0.228088 0.0388283 -0.0396588 -0.127446 -0.348956 1.15104 1.02432 -0.156481 -0.346768 1.18855 1.05625 -0.0571772 -0.287961 1.16675 1.02018 -0.180618 -0.267424 1.13864 0.988456 
0.336567 0.229086 0.040042 -0.0357998 -0.126178 -0.34389 1.1645 1.03473 -0.156948 -0.334139 1.20166 1.06398 -0.0578064 -0.277613 1.17658 1.02563 -0.177629 -0.257092 1.1525 0.997385 
0.333172 0.230351 0.0416861 -0.0304791 -0.124747 -0.334786 1.18852 1.0532 -0.157913 -0.322219 1.21839 1.07506 -0.0585451 -0.260405 1.19232 1.03399 -0.174593 -0.243418 1.16768 1.00642 
0.330029 0.231618 0.0433164 -0.0248853 -0.125069 -0.322894 1.21261 1.07071 -0.157587 -0.304663 1.23731 1.08614 -0.059 -0.241138 1.20961 1.04289 -0.171123 -0.221351 1.1849 1.01446 
0.327198 0.233179 0.0446968 -0.01879 -0.124824 -0.312208 1.23442 1.08652 -0.156901 -0.284839 1.25708 1.09708 -0.0618802 -0.222516 1.22527 1.05049 -0.168465 -0.207614 1.19678 1.02048 
0.324731 0.233941 0.0449117 -0.0123088 -0.125523 -0.29121 1.26346 1.10511 -0.15434 -0.261565 1.28059 1.11 -0.062579 -0.192408 1.24743 1.05973 -0.167508 -0.194946 1.2114 1.02905 
0.323631 0.234263 0.0449675 -0.00839911 -0.126854 -0.278225 1.27959 1.11485 -0.152636 -0.251323 1.29379 1.11807 -0.063264 -0.180081 1.257 1.06387 -0.166478 -0.184027 1.22174 1.03438 
0.321805 0.235539 0.0459943 -0.000753939 -0.130403 -0.263468 1.29763 1.12556 -0.147614 -0.209033 1.31302 1.12031 -0.0633852 -0.162634 1.26654 1.06623 -0.160954 -0.165796 1.24246 1.04603 
0.319236 0.237108 0.0480808 0.01003 -0.135734 -0.246416 1.31721 1.13667 -0.14241 -0.16086 1.3234 1.11295 -0.0618974 -0.129096 1.2912 1.07554 -0.151471 -0.142181 1.26449 1.05691 
0.315845 0.239588 0.0511479 0.0211377 -0.143912 -0.214302 1.33979 1.1449 -0.137881 -0.119987 1.33211 1.10643 -0.0577645 -0.0945568 1.31619 1.08452 -0.142354 -0.121828 1.27815 1.06176 
0.313824 0.24196 0.0544282 0.0272568 -0.15131 -0.182902 1.35366 1.1457 -0.135257 -0.0912328 1.34182 1.10454 -0.0548689 -0.0730489 1.32741 1.0864 -0.13535 -0.105248 1.28946 1.06567 
0.311361 0.245585 0.0589612 0.0329147 -0.157986 -0.14311 1.36597 1.14219 -0.132479 -0.0616844 1.35511 1.10517 -0.050073 -0.0449584 1.34144 1.08816 -0.126087 -0.07526 1.30613 1.06935 
0.310005 0.248234 0.0618981 0.0351206 -0.162312 -0.115377 1.37384 1.13898 -0.1308 -0.0443259 1.36097 1.10388 -0.0474677 -0.0325442 1.34841 1.08951 -0.122516 -0.0516322 1.31828 1.07121 
0.308612 0.251117 0.0634248 0.0373153 -0.166434 -0.0817401 1.3842 1.13563 -0.129211 -0.0268566 1.36684 1.10254 -0.0436539 -0.0191404 1.35501 1.09019 -0.119618 -0.025058 1.33197 1.0732 
0.307242 0.253438 0.0637499 0.0385174 -0.169703 -0.0522496 1.39273 1.13215 -0.128207 -0.013269 1.37272 1.10252 -0.0398003 -0.00744005 1.35814 1.08865 -0.116935 -0.0031619 1.3435 1.07494 
0.305927 0.255825 0.0640887 0.0389824 -0.173157 -0.0283294 1.399 1.12876 -0.127337 -0.00441083 1.3769 1.10277 -0.0362793 0.00252519 1.35989 1.08662 -0.115091 0.0129262 1.34949 1.07424 
0.30443 0.259739 0.0652041 0.0413714 -0.175543 -0.0121838 1.40345 1.12664 -0.126438 0.00564849 1.38013 1.10182 -0.0336628 0.00938702 1.36135 1.08542 -0.113642 0.0252136 1.35225 1.07226 
0.303106 0.261762 0.0660646 0.0426205 -0.176905 -0.00416471 1.40573 1.12562 -0.126178 0.0103293 1.38104 1.10091 -0.0325209 0.0138087 1.36153 1.08404 -0.112977 0.0312853 1.35347 1.07117 
0.301351 0.265125 0.0670933 0.0443469 -0.179784 0.00419928 1.40725 1.12389 -0.125827 0.0153067 1.38272 1.10052 -0.0312127 0.0206032 1.36117 1.08141 -0.112197 0.0371231 1.35421 1.06978 
0.300164 0.267838 0.0676771 0.0464613 -0.182581 0.0102899 1.40811 1.12244 -0.125571 0.0187953 1.38335 1.09979 -0.0305969 0.0260529 1.3605 1.07899 -0.111829 0.0396636 1.35428 1.06899 
0.298248 0.272464 0.068386 0.0506521 -0.188021 0.0186046 1.40968 1.12076 -0.125168 0.0247392 1.38251 1.09706 -0.0306778 0.0376787 1.35851 1.07338 -0.111722 0.0463414 1.35409 1.06659 
0.297293 0.274012 0.0686712 0.0521024 -0.191158 0.0245514 1.41088 1.1196 -0.124868 0.027715 1.38236 1.09589 -0.0310137 0.0428737 1.3574 1.0707 -0.111802 0.0504477 1.35353 1.06475 
0.296036 0.275508 0.0692312 0.0538987 -0.195358 0.0328704 1.41168 1.11728 -0.124572 0.0316577 1.38128 1.09366 -0.0319527 0.0492769 1.35533 1.06686 -0.112416 0.0569636 1.35244 1.06169 
0.294889 0.276879 0.069651 0.0552215 -0.198595 0.0386605 1.41183 1.11536 -0.124194 0.0358465 1.37968 1.09093 -0.0334733 0.0566808 1.3531 1.06254 -0.113328 0.0615494 1.35115 1.05912 
0.293699 0.278274 0.070513 0.0561901 -0.202096 0.044958 1.41116 1.11261 -0.123133 0.0441106 1.3808 1.08889 -0.0371496 0.071973 1.35113 1.05566 -0.115564 0.073104 1.34965 1.054 
0.292961 0.278836 0.0708109 0.0568163 -0.204457 0.0510566 1.41007 1.1096 -0.122045 0.0523178 1.3826 1.08738 -0.0397525 0.0826526 1.35037 1.05134 -0.118371 0.0869714 1.34901 1.04873 
0.29232 0.27951 0.0710601 0.0578251 -0.206416 0.0544263 1.40888 1.10749 -0.121016 0.060035 1.38359 1.08541 -0.0427208 0.0937218 1.34911 1.0465 -0.120879 0.0967135 1.34894 1.04532 
0.291231 0.281194 0.0710468 0.0602349 -0.209325 0.0603473 1.40792 1.10465 -0.119797 0.0683892 1.38422 1.08294 -0.0461829 0.109485 1.348 1.04014 -0.123732 0.106144 1.34872 1.0419 
0.29073 0.281918 0.0710717 0.0619608 -0.211233 0.0640118 1.40777 1.10324 -0.119187 0.0719772 1.38479 1.08211 -0.0478019 0.115759 1.34735 1.03745 -0.123886 0.109815 1.34697 1.03931 
0.290198 0.282148 0.0709135 0.0636541 -0.214697 0.0724451 1.40832 1.10067 -0.117808 0.0800023 1.38643 1.08052 -0.0504224 0.129552 1.34696 1.03233 -0.125418 0.117826 1.346 1.03582 
0.28989 0.28211 0.0710468 0.0651639 -0.217392 0.0803019 1.40922 1.09858 -0.116575 0.0880675 1.38766 1.07858 -0.0525413 0.140378 1.34616 1.02794 -0.127833 0.128867 1.34599 1.032 
0.289745 0.282122 0.0710157 0.0658801 -0.219042 0.0855334 1.41007 1.09738 -0.115496 0.0952187 1.38916 1.07718 -0.0536866 0.146429 1.34633 1.02595 -0.128928 0.133764 1.3457 1.03009 
0.289533 0.282084 0.0708541 0.0671635 -0.220555 0.0956291 1.41212 1.09536 -0.114271 0.10297 1.39092 1.07576 -0.0552346 0.155395 1.34759 1.02376 -0.130342 0.140709 1.34524 1.02735 
0.289278 0.282034 0.0707709 0.0684718 -0.221515 0.1056 1.41443 1.09356 -0.11318 0.110124 1.3924 1.07432 -0.0565575 0.161705 1.34866 1.02236 -0.132813 0.147947 1.34622 1.0256 
0.289052 0.281971 0.070575 0.0698304 -0.222612 0.11171 1.4155 1.0922 -0.111304 0.12223 1.39535 1.07222 -0.0578034 0.166298 1.34941 1.02132 -0.136227 0.15597 1.34736 1.02369 
0.288772 0.282055 0.0703232 0.072017 -0.223942 0.117187 1.41642 1.09095 -0.109335 0.13544 1.39704 1.06876 -0.0590752 0.170842 1.35072 1.02071 -0.138059 0.162367 1.34786 1.02187 
0.288449 0.282221 0.0699798 0.0736177 -0.225353 0.122859 1.41756 1.08979 -0.107859 0.145415 1.39752 1.06552 -0.0605396 0.175396 1.35178 1.01991 -0.139206 0.166392 1.34865 1.02108 
0.28801 0.282543 0.0695252 0.0752732 -0.227095 0.131766 1.41939 1.08801 -0.106069 0.158582 1.39731 1.06062 -0.062932 0.182232 1.3535 1.01881 -0.140536 0.171092 1.34962 1.02019 
0.287888 0.282607 0.0693583 0.0756614 -0.227534 0.137222 1.4204 1.08681 -0.10553 0.162663 1.39694 1.05887 -0.0637994 0.184487 1.35406 1.01843 -0.140946 0.173234 1.34998 1.01971 
0.28758 0.282733 0.0686222 0.0770668 -0.228553 0.155656 1.42282 1.08202 -0.104139 0.174668 1.39597 1.05382 -0.0657994 0.190085 1.35541 1.01748 -0.141376 0.179316 1.3509 1.0183 
0.287355 0.282864 0.0681315 0.0778353 -0.228816 0.167671 1.42382 1.07846 -0.103046 0.183512 1.39565 1.05038 -0.0671849 0.194139 1.35618 1.01663 -0.141475 0.184417 1.35164 1.01708 
0.287108 0.282795 0.067539 0.0791548 -0.229126 0.181138 1.42387 1.07366 -0.10204 0.191037 1.39653 1.04831 -0.0686186 0.198926 1.35684 1.01544 -0.141311 0.189293 1.35201 1.01567 
0.287061 0.282802 0.0673259 0.079578 -0.22903 0.18653 1.42374 1.07163 -0.101641 0.194351 1.39673 1.04726 -0.0691623 0.200756 1.35699 1.01492 -0.140956 0.192737 1.35158 1.01414 
0.287015 0.282801 0.06692 0.0803531 -0.228714 0.192563 1.42383 1.06952 -0.101161 0.198962 1.39666 1.04554 -0.0698248 0.202859 1.35708 1.01425 -0.141351 0.198608 1.35155 1.01209 
0.286967 0.282718 0.066126 0.0815821 -0.228481 0.1971 1.4235 1.06764 -0.10118 0.199685 1.39627 1.04499 -0.0704798 0.204802 1.35647 1.01312 -0.142439 0.204125 1.35169 1.01029 
0.286963 0.282714 0.0652701 0.0828595 -0.228032 0.200421 1.42289 1.06599 -0.101232 0.200055 1.39589 1.04457 -0.0709784 0.205446 1.3559 1.01248 -0.143907 0.208467 1.3515 1.00865 
0.286988 0.282634 0.0644198 0.084356 -0.227739 0.20158 1.4222 1.06505 -0.101365 0.199985 1.39491 1.04386 -0.0713617 0.205532 1.35554 1.01218 -0.144561 0.2102 1.3512 1.00784 
0.287049 0.282295 0.0630935 0.0865861 -0.227337 0.201989 1.42159 1.06445 -0.101583 0.199511 1.39324 1.04277 -0.0722136 0.203828 1.35496 1.01235 -0.14516 0.211283 1.35094 1.00728 
0.287174 0.28218 0.0618493 0.0888892 -0.226822 0.202144 1.42054 1.0636 -0.101693 0.199284 1.39222 1.04209 -0.0730397 0.202891 1.35426 1.01217 -0.145609 0.211428 1.3508 1.00713 
0.287541 0.282022 0.0602768 0.09143 -0.226233 0.201824 1.41902 1.06257 -0.101748 0.199131 1.39166 1.04173 -0.074272 0.201495 1.35328 1.01193 -0.14641 0.211493 1.35049 1.00688 
0.288384 0.281523 0.0569017 0.0948522 -0.22546 0.200912 1.41699 1.06137 -0.102306 0.196662 1.38856 1.04027 -0.0765564 0.197747 1.35098 1.01153 -0.147905 0.211187 1.34978 1.00648 
0.288844 0.281541 0.0556879 0.0959325 -0.22517 0.200333 1.41618 1.06096 -0.102737 0.194242 1.38637 1.03948 -0.0776081 0.19579 1.34996 1.01145 -0.148964 0.210603 1.34925 1.00631 
0.291141 0.281256 0.0498984 0.0991753 -0.223046 0.196695 1.41178 1.05892 -0.104812 0.18258 1.37826 1.03749 -0.0824606 0.181085 1.34574 1.01342 -0.153207 0.20771 1.34712 1.00576 
0.292705 0.280223 0.0452306 0.100909 -0.221873 0.194019 1.40935 1.05803 -0.105344 0.179369 1.37659 1.03738 -0.0848414 0.173359 1.34424 1.01498 -0.155723 0.205033 1.34607 1.00592 
0.295201 0.279541 0.0385392 0.101021 -0.219945 0.188779 1.40563 1.05705 -0.106177 0.174487 1.37349 1.03677 -0.0879788 0.16479 1.34282 1.0169 -0.160596 0.197782 1.34529 1.00789 
0.297382 0.279157 0.0329073 0.099515 -0.216384 0.183037 1.40252 1.05669 -0.107133 0.168087 1.37042 1.03671 -0.0908028 0.156327 1.34117 1.01861 -0.166164 0.189283 1.34446 1.01026 
0.300316 0.277621 0.0233449 0.0964618 -0.212127 0.177626 1.39937 1.05618 -0.11105 0.145833 1.35928 1.03595 -0.0934647 0.14305 1.34213 1.02399 -0.171206 0.181052 1.34252 1.01167 
0.303302 0.276704 0.0146651 0.0924495 -0.20712 0.172164 1.39621 1.05566 -0.114014 0.129556 1.35 1.03451 -0.0974219 0.12123 1.34054 1.03034 -0.175638 0.171489 1.34061 1.01355 
0.305887 0.276368 0.00838704 0.0914066 -0.199517 0.161074 1.38918 1.05412 -0.116865 0.111754 1.34277 1.03514 -0.0996129 0.109356 1.3407 1.03459 -0.180941 0.158908 1.33764 1.01563 
0.308162 0.27566 0.00393502 0.0918734 -0.191753 0.150667 1.3824 1.05253 -0.121343 0.0808212 1.33652 1.04101 -0.10128 0.0986119 1.33886 1.03689 -0.186503 0.147536 1.33432 1.01701 
0.310305 0.275058 -0.000608176 0.0920505 -0.184793 0.137094 1.3751 1.05162 -0.12427 0.059369 1.33157 1.04456 -0.101927 0.0937806 1.33298 1.03397 -0.191761 0.137245 1.33052 1.01763 
0.311815 0.275263 -0.00404273 0.0911735 -0.177495 0.120403 1.36985 1.05339 -0.124225 0.0604084 1.33084 1.04365 -0.101127 0.0832802 1.32695 1.03284 -0.195283 0.12799 1.32681 1.01794 
0.314894 0.273316 -0.013221 0.0888819 -0.170653 0.0994639 1.36453 1.05655 -0.124477 0.0582071 1.33086 1.04446 -0.10013 0.0826618 1.31811 1.02618 -0.203971 0.114589 1.32224 1.01898 
0.318387 0.269491 -0.0216075 0.0916979 -0.166028 0.0894616 1.36058 1.05696 -0.124444 0.0580891 1.33083 1.04448 -0.0992508 0.0817555 1.30868 1.01915 -0.210013 0.109251 1.31659 1.01645 
0.32123 0.267827 -0.0284975 0.0952151 -0.16304 0.084422 1.35876 1.0573 -0.124575 0.0558125 1.33178 1.04604 -0.0986167 0.0794789 1.29977 1.01295 -0.214275 0.10694 1.31114 1.01304 
0.325306 0.265459 -0.0358435 0.10046 -0.158538 0.0785754 1.35587 1.05709 -0.125076 0.0450008 1.336 1.05318 -0.0975762 0.0799754 1.28486 1.00119 -0.221359 0.102672 1.30039 1.00618 
0.328522 0.264497 -0.0401437 0.104229 -0.15517 0.0733155 1.353 1.05668 -0.125566 0.0349701 1.3397 1.05964 -0.0969578 0.0810976 1.27202 0.990848 -0.224575 0.102137 1.29334 1.00096 
0.332315 0.263443 -0.0434978 0.108471 -0.151172 0.0674114 1.35038 1.05666 -0.126316 0.0250763 1.34065 1.06383 -0.0966558 0.0811611 1.25618 0.97851 -0.22712 0.102564 1.28633 0.995446 
0.335965 0.262223 -0.0466072 0.111096 -0.146786 0.0615628 1.3465 1.05563 -0.127215 0.0158143 1.3396 1.06619 -0.096975 0.0763711 1.2445 0.97091 -0.230539 0.102224 1.27519 0.986985 
0.339207 0.261373 -0.0496221 0.114354 -0.142066 0.0553594 1.34285 1.0549 -0.128556 0.00686163 1.33613 1.06648 -0.0972096 0.0718459 1.23417 0.964263 -0.234259 0.0990216 1.26156 0.977463 
0.343305 0.257574 -0.0522811 0.117269 -0.137098 0.0479076 1.33899 1.05441 -0.12978 -0.00135882 1.3314 1.0655 -0.0972884 0.066023 1.22292 0.957282 -0.238051 0.0941211 1.24942 0.969589 
0.346993 0.252784 -0.0526655 0.12029 -0.131906 0.0397672 1.33453 1.05368 -0.131437 -0.00949248 1.32462 1.06281 -0.0971539 0.0621025 1.21396 0.951493 -0.240785 0.0874668 1.233 0.958867 
0.351337 0.245365 -0.051142 0.129073 -0.126775 0.0323163 1.3294 1.05217 -0.133222 -0.0186676 1.31738 1.06007 -0.0970889 0.0522918 1.20015 0.943636 -0.244913 0.0827919 1.21572 0.946867 
0.35535 0.238251 -0.0518418 0.140539 -0.121344 0.0263005 1.32248 1.04873 -0.134865 -0.0268761 1.30995 1.05683 -0.0968336 0.0391484 1.1824 0.933597 -0.250339 0.0767048 1.19523 0.932718 
0.358524 0.230989 -0.0511896 0.153624 -0.115156 0.0203629 1.31491 1.04472 -0.137336 -0.0346606 1.29676 1.04873 -0.0964274 0.0283142 1.16549 0.923472 -0.257492 0.06857 1.17406 0.918576 
0.361573 0.222637 -0.0501477 0.166199 -0.109205 0.0157389 1.30802 1.0408 -0.140049 -0.0424577 1.27973 1.03746 -0.0966879 0.0178213 1.14808 0.912763 -0.267337 0.0607606 1.15406 0.905204 
0.365029 0.212133 -0.0485636 0.175231 -0.103474 0.011274 1.3002 1.03608 -0.143721 -0.0479335 1.25357 1.018 -0.0974674 0.00684141 1.12987 0.901471 -0.277846 0.0517405 1.13415 0.892153 
0.368697 0.202649 -0.0477637 0.1906 -0.0967587 0.0055968 1.29057 1.03028 -0.149272 -0.0557689 1.2153 0.989256 -0.0980532 -0.00503523 1.11458 0.892694 -0.288909 0.0424595 1.11105 0.876558 
0.372308 0.192076 -0.0480372 0.206616 -0.0894344 0.000200941 1.2769 1.02114 -0.156351 -0.0654369 1.1706 0.955669 -0.099185 -0.0214372 1.10018 0.885809 -0.298652 0.0339194 1.09347 0.86504 
0.376388 0.180201 -0.049969 0.218801 -0.0810366 -0.00520041 1.25688 1.00687 -0.162209 -0.0762531 1.135 0.929694 -0.101476 -0.0466259 1.07444 0.871901 -0.310779 0.0211867 1.07682 0.855258 
0.38084 0.169004 -0.0518682 0.231814 -0.072158 -0.0121471 1.22949 0.987082 -0.167088 -0.0866437 1.10637 0.909167 -0.104323 -0.0708288 1.049 0.857728 -0.323826 0.00164931 1.05683 0.844384 
0.385149 0.160055 -0.0566381 0.245289 -0.0644119 -0.0195535 1.20194 0.967232 -0.171903 -0.100822 1.07734 0.889144 -0.106626 -0.0889471 1.02956 0.846677 -0.334175 -0.018607 1.03835 0.834728 
0.388303 0.151943 -0.0659069 0.259639 -0.05709 -0.0290217 1.17423 0.947765 -0.176317 -0.113463 1.04872 0.868886 -0.109612 -0.107539 1.00861 0.834276 -0.342888 -0.0376359 1.0223 0.826555 
0.391464 0.145716 -0.074781 0.267818 -0.050333 -0.0403542 1.14713 0.929194 -0.181422 -0.126078 1.01936 0.847799 -0.113272 -0.124123 0.98485 0.818813 -0.35089 -0.0529129 1.00782 0.818599 
0.395132 0.139695 -0.0821954 0.272408 -0.044528 -0.0517491 1.12131 0.911566 -0.185771 -0.139861 0.99228 0.828733 -0.11625 -0.138571 0.961841 0.803271 -0.358237 -0.0676172 0.992613 0.809775 
0.398099 0.134583 -0.0891539 0.273665 -0.039812 -0.0615236 1.09728 0.894808 -0.189661 -0.151129 0.967225 0.810592 -0.119219 -0.151043 0.940143 0.78819 -0.365911 -0.0817354 0.976125 0.799623 
0.401212 0.132199 -0.0989986 0.272316 -0.0348093 -0.0739428 1.06946 0.875562 -0.193651 -0.1644 0.941481 0.7922 -0.122246 -0.163881 0.915927 0.770937 -0.373303 -0.0950951 0.957905 0.78777 
0.403173 0.129874 -0.105857 0.268979 -0.0321083 -0.0814082 1.05159 0.86297 -0.195956 -0.171509 0.925097 0.780094 -0.123911 -0.171808 0.900461 0.759769 -0.378058 -0.104466 0.942428 0.777129 
0.406082 0.124777 -0.116858 0.261525 -0.0280733 -0.0921501 1.02546 0.844383 -0.199361 -0.18186 0.902337 0.763273 -0.126267 -0.180254 0.879757 0.744244 -0.38527 -0.121671 0.914724 0.757932 
0.408463 0.116819 -0.12432 0.258183 -0.02473 -0.102473 1.0022 0.827917 -0.202099 -0.188966 0.8844 0.749726 -0.128546 -0.185968 0.86308 0.731456 -0.393071 -0.133012 0.891631 0.741176 
0.410177 0.109923 -0.130689 0.255059 -0.0210204 -0.111479 0.98136 0.813019 -0.204479 -0.195523 0.867238 0.736645 -0.131416 -0.1934 0.844683 0.717479 -0.400799 -0.14186 0.870737 0.725611 
0.411572 0.104237 -0.136715 0.250738 -0.0177261 -0.118502 0.963354 0.799892 -0.20654 -0.200269 0.853608 0.726121 -0.133871 -0.19899 0.828275 0.704752 -0.406988 -0.150825 0.852344 0.712059 
0.413456 0.0904305 -0.148497 0.241312 -0.0121674 -0.128577 0.936473 0.780087 -0.210261 -0.214171 0.823536 0.703418 -0.137728 -0.209624 0.801256 0.683968 -0.417894 -0.166665 0.821518 0.689305 
0.414056 0.0854459 -0.153178 0.240175 -0.0103639 -0.131113 0.927973 0.773645 -0.211175 -0.217183 0.8145 0.696338 -0.139037 -0.212417 0.792564 0.677126 -0.42091 -0.169819 0.812963 0.682728 
0.414887 0.0788491 -0.158951 0.239376 -0.00732767 -0.135406 0.912279 0.761598 -0.212494 -0.22174 0.800048 0.684917 -0.140361 -0.215733 0.780069 0.667143 -0.425291 -0.175268 0.798468 0.671556 
0.415568 0.073771 -0.164387 0.23598 -0.00422591 -0.139499 0.895366 0.748467 -0.213251 -0.224662 0.786131 0.673614 -0.141278 -0.218776 0.76779 0.657268 -0.429228 -0.17983 0.783464 0.659765 
0.416672 0.068327 -0.170923 0.234647 -0.00112326 -0.142949 0.879526 0.736038 -0.213894 -0.228852 0.772979 0.663175 -0.142284 -0.221477 0.754078 0.64607 -0.432977 -0.184056 0.768833 0.648192 
0.418651 0.0629558 -0.176986 0.236572 0.00136605 -0.145627 0.864404 0.724026 -0.214544 -0.232563 0.760545 0.653238 -0.142973 -0.227234 0.737153 0.632644 -0.436838 -0.187995 0.755361 0.637508 
0.42086 0.0421028 -0.190001 0.230785 0.00447433 -0.14917 0.844364 0.708047 -0.215285 -0.23996 0.740273 0.637223 -0.145128 -0.235229 0.714264 0.614453 -0.443808 -0.195312 0.735333 0.621779 
0.421692 0.0377098 -0.194648 0.230035 0.00558668 -0.15071 0.834427 0.700068 -0.215475 -0.24234 0.729762 0.628632 -0.145958 -0.237912 0.704158 0.606256 -0.447986 -0.199296 0.724194 0.612986 
0.42241 0.0320321 -0.198185 0.22837 0.00679967 -0.152658 0.821983 0.69006 -0.215786 -0.244541 0.718706 0.619521 -0.146743 -0.241248 0.693392 0.597591 -0.452904 -0.203968 0.709259 0.601053 
0.423635 0.0208292 -0.203997 0.221171 0.00840954 -0.154782 0.802832 0.674461 -0.216189 -0.248118 0.701047 0.604952 -0.147771 -0.2449 0.677997 0.584975 -0.458974 -0.211087 0.687158 0.583375 
0.426332 0.00847606 -0.212155 0.209036 0.0100281 -0.155557 0.787566 0.661828 -0.217007 -0.251111 0.687273 0.593589 -0.148768 -0.250057 0.662264 0.572262 -0.464112 -0.215792 0.670385 0.569807 
0.431022 -0.0067431 -0.221017 0.166708 0.0123991 -0.157465 0.768477 0.646168 -0.217858 -0.254322 0.670347 0.579509 -0.150272 -0.252915 0.64494 0.557779 -0.469166 -0.222534 0.650949 0.554215 
0.433042 -0.0335841 -0.235162 0.0920585 0.0145889 -0.160163 0.745583 0.627438 -0.218728 -0.258876 0.65051 0.563103 -0.151899 -0.255047 0.628394 0.543831 -0.474216 -0.228091 0.628244 0.535633 
0.434041 -0.0408695 -0.238163 0.0603383 0.0155831 -0.161713 0.735152 0.618949 -0.218917 -0.260616 0.641725 0.555776 -0.15248 -0.255819 0.620232 0.536895 -0.475874 -0.23173 0.619187 0.528392 
0.435984 -0.0547681 -0.249367 -0.0987759 0.0192548 -0.166457 0.700741 0.590809 -0.21987 -0.265979 0.613089 0.531789 -0.154354 -0.258299 0.589647 0.510806 -0.480918 -0.246932 0.587152 0.502981 
0.434089 -0.0637773 -0.250212 -0.175648 0.0206191 -0.167597 0.684547 0.577365 -0.21998 -0.267559 0.598184 0.519117 -0.154689 -0.259043 0.57554 0.498707 -0.482522 -0.252777 0.569778 0.488834 
0.430381 -0.0846979 -0.25049 -0.263719 0.0233693 -0.168253 0.656576 0.553918 -0.21951 -0.268987 0.566699 0.492037 -0.154216 -0.263851 0.544357 0.472329 -0.484403 -0.268793 0.537319 0.46288 
0.427523 -0.0918062 -0.251599 -0.305214 0.0249748 -0.168994 0.639313 0.539483 -0.218873 -0.270388 0.549147 0.477005 -0.153477 -0.265806 0.526568 0.457162 -0.485484 -0.276379 0.516386 0.445729 
0.423936 -0.100553 -0.253076 -0.340432 0.0271587 -0.169558 0.617937 0.521552 -0.218025 -0.272192 0.529743 0.460402 -0.152405 -0.268576 0.508882 0.442165 -0.486295 -0.282857 0.497426 0.430094 
0.408993 -0.142318 -0.2593 -0.405524 0.0304538 -0.17147 0.587686 0.496301 -0.215926 -0.275037 0.505423 0.439649 -0.150647 -0.268956 0.487259 0.42347 -0.486808 -0.291509 0.475103 0.411748 
0.39344 -0.175198 -0.262829 -0.456413 0.034347 -0.174697 0.558209 0.471827 -0.214036 -0.276656 0.485661 0.422688 -0.148618 -0.270839 0.466735 0.405872 -0.487253 -0.297486 0.459125 0.398571 
0.387369 -0.186203 -0.26354 -0.470291 0.0364503 -0.177015 0.543254 0.459481 -0.212712 -0.277264 0.477079 0.41531 -0.147174 -0.272093 0.456754 0.397347 -0.487716 -0.301432 0.451251 0.392144 
0.38001 -0.202896 -0.263685 -0.492493 0.0406336 -0.183574 0.51151 0.433436 -0.210402 -0.280444 0.455205 0.396636 -0.143821 -0.274876 0.43777 0.381158 -0.488197 -0.310467 0.431789 0.376124 
0.378833 -0.20809 -0.263571 -0.501444 0.044021 -0.187325 0.48907 0.414885 -0.208686 -0.283163 0.438352 0.38226 -0.140658 -0.277393 0.422026 0.367727 -0.488688 -0.313573 0.416416 0.363077 
0.37851 -0.208173 -0.263053 -0.503249 0.0472364 -0.190982 0.469852 0.399022 -0.206262 -0.287099 0.420594 0.367192 -0.137419 -0.280255 0.406536 0.354543 -0.488615 -0.315382 0.404608 0.352989 
0.378385 -0.211382 -0.264458 -0.512956 0.0496795 -0.195537 0.452042 0.384419 -0.203368 -0.289955 0.404147 0.353143 -0.133814 -0.285041 0.389537 0.340186 -0.488673 -0.316829 0.394138 0.344015 
0.377453 -0.217325 -0.263824 -0.515868 0.0520472 -0.200548 0.432342 0.368201 -0.200336 -0.291915 0.388495 0.339695 -0.130461 -0.287868 0.375134 0.327894 -0.488241 -0.318528 0.382868 0.334358 
0.376334 -0.223005 -0.262722 -0.517702 0.0543177 -0.205944 0.41111 0.350669 -0.1972 -0.294725 0.371839 0.325423 -0.127082 -0.289277 0.362746 0.317226 -0.488277 -0.319344 0.370696 0.323825 
0.375189 -0.224307 -0.262133 -0.518687 0.0565964 -0.209942 0.395003 0.337323 -0.194383 -0.297332 0.359163 0.314579 -0.124308 -0.290877 0.351314 0.307388 -0.488132 -0.319604 0.362088 0.316346 
0.373421 -0.227832 -0.262596 -0.520807 0.0593365 -0.217303 0.373041 0.319234 -0.191064 -0.30222 0.343023 0.300866 -0.121021 -0.293101 0.336971 0.295045 -0.488063 -0.320237 0.34986 0.305739 
0.371269 -0.230729 -0.263168 -0.522729 0.0615573 -0.226747 0.3478 0.29845 -0.18858 -0.308743 0.324459 0.285124 -0.117537 -0.295929 0.320984 0.28129 -0.487602 -0.319793 0.335843 0.293488 
0.369987 -0.231473 -0.262933 -0.522877 0.0630598 -0.232878 0.334209 0.287297 -0.187321 -0.311926 0.315609 0.277602 -0.115637 -0.29775 0.311882 0.273463 -0.486921 -0.319341 0.328551 0.287105 
0.368298 -0.232634 -0.262723 -0.523258 0.0637065 -0.246867 0.307447 0.26534 -0.18365 -0.317134 0.297083 0.261725 -0.111773 -0.303517 0.291858 0.256326 -0.485122 -0.319513 0.314226 0.274634 
0.367055 -0.233375 -0.262813 -0.523792 0.0644542 -0.251751 0.297643 0.25725 -0.182166 -0.319713 0.288001 0.253917 -0.109297 -0.30602 0.283677 0.249325 -0.484098 -0.319525 0.307734 0.26898 
0.364971 -0.234697 -0.262478 -0.523607 0.0649483 -0.258587 0.279113 0.24174 -0.178532 -0.325921 0.267316 0.236103 -0.103231 -0.311831 0.264419 0.232782 -0.482248 -0.318918 0.292968 0.256074 
0.363227 -0.234987 -0.262143 -0.522502 0.0657525 -0.262876 0.268868 0.233158 -0.177025 -0.328175 0.258939 0.228863 -0.100535 -0.314111 0.25576 0.225315 -0.481223 -0.319013 0.283878 0.248147 
0.361099 -0.235356 -0.262066 -0.521273 0.0659548 -0.269688 0.253448 0.220214 -0.174879 -0.331708 0.247524 0.21901 -0.0972122 -0.316044 0.24523 0.216179 -0.479505 -0.319421 0.272138 0.237919 
0.358978 -0.236642 -0.262379 -0.521895 0.066002 -0.275346 0.23847 0.207549 -0.1729 -0.334115 0.235444 0.20849 -0.0938206 -0.317406 0.233226 0.205691 -0.478129 -0.319557 0.26076 0.227997 
0.357271 -0.239399 -0.263167 -0.526744 0.0660911 -0.278677 0.228141 0.198768 -0.171381 -0.337513 0.224209 0.198737 -0.090911 -0.31869 0.22289 0.196661 -0.477065 -0.319572 0.250831 0.219331 
0.35573 -0.242783 -0.265115 -0.532485 0.0659304 -0.286852 0.208686 0.182246 -0.16921 -0.342066 0.20804 0.184655 -0.0874261 -0.318852 0.21069 0.185924 -0.474826 -0.320541 0.236313 0.206703 
0.355291 -0.244254 -0.266307 -0.535807 0.0659553 -0.290939 0.199047 0.174034 -0.168375 -0.34277 0.201765 0.179131 -0.08588 -0.319553 0.20342 0.179543 -0.473692 -0.32018 0.229504 0.200742 
0.354586 -0.245522 -0.267367 -0.538722 0.0661508 -0.294867 0.186919 0.163636 -0.166859 -0.344458 0.189734 0.168541 -0.0840891 -0.320043 0.191525 0.169076 -0.471794 -0.319116 0.218828 0.191381 
0.353927 -0.246543 -0.267483 -0.540522 0.0668663 -0.296733 0.179732 0.157442 -0.166148 -0.345108 0.181597 0.161353 -0.0828327 -0.320583 0.183672 0.162176 -0.470457 -0.318616 0.210513 0.184099 
0.35174 -0.249602 -0.267163 -0.541773 0.0677277 -0.297986 0.171553 0.150355 -0.165154 -0.345293 0.171557 0.152454 -0.0807791 -0.321557 0.171556 0.151523 -0.469454 -0.318177 0.201811 0.17648 
0.350772 -0.250424 -0.266971 -0.541579 0.0684103 -0.299339 0.162433 0.142435 -0.163935 -0.345001 0.162704 0.144593 -0.0791281 -0.321427 0.161388 0.14255 -0.468714 -0.316859 0.193121 0.168843 
0.349175 -0.250165 -0.266273 -0.540176 0.0692701 -0.299519 0.155836 0.136678 -0.162562 -0.344551 0.153104 0.136067 -0.0778815 -0.320507 0.153008 0.135131 -0.467954 -0.315301 0.185839 0.162432 
0.347073 -0.251135 -0.265709 -0.538307 0.0702464 -0.299263 0.148321 0.130102 -0.161476 -0.34443 0.141333 0.125612 -0.0769416 -0.318732 0.14495 0.127975 -0.467173 -0.313294 0.179825 0.157123 
0.344375 -0.252945 -0.264398 -0.534914 0.0714087 -0.298841 0.138767 0.121734 -0.160352 -0.343328 0.127816 0.113587 -0.0755855 -0.316941 0.131444 0.116019 -0.466563 -0.310557 0.169832 0.148321 
0.34239 -0.255162 -0.263673 -0.531787 0.0718872 -0.298455 0.132799 0.116503 -0.159651 -0.342661 0.119181 0.105911 -0.074955 -0.315533 0.12541 0.110667 -0.466459 -0.30875 0.163674 0.142899 
0.340498 -0.257468 -0.263191 -0.528654 0.0726183 -0.298323 0.12662 0.111088 -0.15889 -0.342108 0.111206 0.09882 -0.0742903 -0.313916 0.119369 0.105312 -0.466431 -0.306597 0.156971 0.137002 
0.336996 -0.264953 -0.264155 -0.526934 0.0739072 -0.298684 0.117465 0.103075 -0.158233 -0.341385 0.103153 0.0916575 -0.0732738 -0.31233 0.111753 0.098569 -0.466532 -0.303611 0.149718 0.130612 
0.333485 -0.269774 -0.264588 -0.525727 0.0751148 -0.299328 0.108863 0.0955522 -0.157512 -0.341106 0.0958846 0.0851977 -0.0726368 -0.31073 0.105903 0.093387 -0.466633 -0.301336 0.144338 0.125873 
0.330684 -0.27299 -0.264976 -0.524369 0.0761916 -0.300177 0.101217 0.0888658 -0.156976 -0.340622 0.0891838 0.0792413 -0.0716657 -0.30938 0.0985037 0.0868451 -0.466835 -0.299329 0.140175 0.122202 
0.328875 -0.275947 -0.265809 -0.52416 0.0769163 -0.300995 0.094414 0.0829123 -0.156626 -0.339908 0.0839812 0.0746129 -0.0712159 -0.308118 0.0912514 0.0804379 -0.467066 -0.296978 0.134698 0.117387 
0.32747 -0.279969 -0.266641 -0.528991 0.077583 -0.301369 0.0885461 0.0777747 -0.156379 -0.339418 0.0803736 0.0714034 -0.0705035 -0.30751 0.0851848 0.0750842 -0.467404 -0.294621 0.129152 0.112513 
0.324858 -0.285395 -0.266405 -0.53169 0.0784734 -0.302181 0.0836055 0.0734539 -0.155896 -0.339148 0.0770965 0.0684902 -0.0699586 -0.306901 0.0810843 0.0714628 -0.467738 -0.292691 0.124618 0.108527 
0.32345 -0.286586 -0.26576 -0.530503 0.0797171 -0.303068 0.0787175 0.0691778 -0.155293 -0.338971 0.0750185 0.066642 -0.0691341 -0.306359 0.0773056 0.068124 -0.467911 -0.290961 0.120816 0.105183 
0.322222 -0.288166 -0.265929 -0.531015 0.0816192 -0.305314 0.0721923 0.0634767 -0.154446 -0.33925 0.0713396 0.0633799 -0.0682745 -0.305846 0.0742624 0.0654338 -0.468152 -0.289126 0.117184 0.101987 
0.321378 -0.289937 -0.266301 -0.532052 0.0825476 -0.306208 0.0698016 0.0613886 -0.153858 -0.339768 0.0689853 0.0612951 -0.0678744 -0.305501 0.0726789 0.064034 -0.468231 -0.288399 0.115822 0.100787 
0.32016 -0.292155 -0.267296 -0.533428 0.0838182 -0.307478 0.0667728 0.058745 -0.153048 -0.340707 0.065863 0.0585344 -0.0672501 -0.305089 0.0701284 0.0617829 -0.468335 -0.287172 0.113202 0.0984837 
0.319779 -0.292682 -0.267536 -0.533236 0.0850001 -0.308593 0.064184 0.0564862 -0.152166 -0.341761 0.0639983 0.0568923 -0.0668454 -0.304821 0.0676403 0.0595878 -0.468397 -0.286179 0.111313 0.0968226 
0.319611 -0.292897 -0.26754 -0.532612 0.0862371 -0.309815 0.0620335 0.0546135 -0.15136 -0.34327 0.0620365 0.0551685 -0.0666201 -0.304547 0.0671472 0.0591495 -0.468336 -0.285156 0.109436 0.0951722 
0.319566 -0.292979 -0.267558 -0.532234 0.0873685 -0.31093 0.060514 0.0532959 -0.150516 -0.344798 0.0595922 0.0530141 -0.0653688 -0.305498 0.0648498 0.0571343 -0.468343 -0.284306 0.107831 0.0937583 
0.319572 -0.293006 -0.267522 -0.531838 0.0886551 -0.312586 0.0590861 0.0520657 -0.149521 -0.34582 0.0571644 0.0508686 -0.06379 -0.306991 0.0625375 0.0551159 -0.468286 -0.283169 0.105153 0.0914064 
0.319899 -0.293678 -0.267653 -0.530835 0.0898836 -0.313947 0.0573467 0.0505535 -0.14836 -0.347433 0.0553145 0.0492436 -0.0628926 -0.308354 0.060293 0.0531526 -0.46817 -0.282332 0.103038 0.0895485 
0.32028 -0.293508 -0.267423 -0.530077 0.0909063 -0.315236 0.0564553 0.0497864 -0.147592 -0.348333 0.0542633 0.0483185 -0.062037 -0.309602 0.0586718 0.0517367 -0.467977 -0.281735 0.100891 0.0876656 
0.32059 -0.293818 -0.26737 -0.52931 0.0920238 -0.316996 0.055316 0.0488059 -0.147175 -0.348671 0.0542057 0.0482727 -0.0609328 -0.311247 0.0569212 0.0502112 -0.467738 -0.28117 0.097732 0.0849031 
0.321319 -0.293681 -0.267091 -0.528351 0.0931189 -0.319242 0.0542837 0.0479274 -0.146691 -0.349716 0.0540885 0.0481859 -0.0599141 -0.312411 0.0562226 0.0496122 -0.467428 -0.280736 0.0950796 0.0825835 
0.321529 -0.293808 -0.267043 -0.528172 0.0938455 -0.321799 0.0534793 0.0472568 -0.146127 -0.3513 0.0540164 0.0481461 -0.05892 -0.313482 0.0557748 0.0492335 -0.467052 -0.280423 0.0929065 0.0806824 
0.321627 -0.293914 -0.26696 -0.527995 0.0944146 -0.323644 0.0529189 0.0467885 -0.145728 -0.353048 0.0539571 0.0481191 -0.0581362 -0.314333 0.0553979 0.048914 -0.466647 -0.280421 0.0912908 0.0792708 
0.321816 -0.293599 -0.26677 -0.52815 0.0954603 -0.327184 0.0522518 0.0462473 -0.145232 -0.355913 0.0540004 0.0481969 -0.0568042 -0.316409 0.0545297 0.0481754 -0.465951 -0.280556 0.088906 0.0771895 
0.322346 -0.293186 -0.266503 -0.528443 0.0957626 -0.328951 0.052068 0.0461108 -0.144952 -0.358286 0.0539371 0.0481744 -0.0561683 -0.317337 0.0542944 0.047981 -0.465404 -0.28058 0.0877157 0.0761511 
0.323216 -0.292716 -0.266311 -0.52888 0.095811 -0.330671 0.0517908 0.0458897 -0.144668 -0.359963 0.0539717 0.0482321 -0.0557443 -0.317939 0.0542311 0.0479346 -0.464783 -0.280681 0.0865587 0.0751429 
0.326395 -0.290375 -0.265594 -0.52914 0.0959551 -0.333636 0.0514992 0.0456734 -0.144087 -0.363728 0.0533936 0.04777 -0.0546805 -0.319649 0.0536863 0.0474766 -0.463699 -0.280712 0.0854131 0.0741415 
0.327747 -0.291413 -0.265693 -0.529577 0.0956962 -0.336295 0.0517006 0.045894 -0.143785 -0.367151 0.0528031 0.0472909 -0.0537988 -0.320945 0.0541375 0.0478976 -0.462044 -0.281118 0.0841087 0.0730103 
0.328589 -0.291965 -0.26563 -0.530061 0.0954309 -0.338793 0.0522714 0.0464424 -0.143226 -0.370182 0.0523371 0.0469178 -0.0531427 -0.321593 0.0547976 0.0484943 -0.460394 -0.28171 0.083401 0.0723997 
0.329682 -0.291555 -0.264744 -0.529709 0.0951988 -0.342138 0.0529276 0.0470764 -0.142583 -0.373439 0.0517295 0.0464183 -0.0524639 -0.322385 0.0553392 0.0489859 -0.458293 -0.28237 0.0831999 0.0722338 
0.33197 -0.289714 -0.263314 -0.529126 0.0948913 -0.345905 0.0536013 0.047734 -0.142173 -0.376581 0.0523361 0.0470115 -0.0520914 -0.322629 0.0555994 0.0492184 -0.456193 -0.28299 0.0831896 0.0722323 
0.342022 -0.280674 -0.260921 -0.529762 0.094318 -0.350067 0.0545809 0.0486722 -0.141409 -0.384613 0.0532897 0.047983 -0.0518304 -0.322872 0.0561287 0.0496899 -0.453513 -0.282953 0.0836487 0.072628 
0.347415 -0.273738 -0.259357 -0.530542 0.0939446 -0.352025 0.0551015 0.0491658 -0.140908 -0.38845 0.0542378 0.0488939 -0.0516148 -0.322859 0.0567149 0.0502053 -0.452327 -0.282973 0.0837889 0.0727497 
0.356853 -0.26164 -0.256383 -0.534158 0.0933447 -0.355216 0.0562288 0.050226 -0.140293 -0.392881 0.0554597 0.0500625 -0.0513348 -0.322215 0.0581362 0.0514482 -0.450745 -0.282954 0.0846444 0.0734896 
0.370032 -0.23378 -0.251575 -0.541248 0.0926683 -0.35795 0.0574179 0.0513363 -0.139402 -0.398165 0.0571637 0.051688 -0.0510203 -0.319804 0.0598434 0.0529113 -0.447896 -0.281515 0.0852358 0.073971 
0.393247 -0.158889 -0.245151 -0.54394 0.0916828 -0.361185 0.0594072 0.0531716 -0.138132 -0.402478 0.0602524 0.0545584 -0.0497634 -0.311322 0.0650857 0.0573649 -0.441593 -0.274788 0.0870349 0.0753847 
0.405172 -0.107092 -0.240534 -0.540224 0.091022 -0.362426 0.06033 0.0540198 -0.137611 -0.403726 0.0616519 0.055849 -0.0491931 -0.303482 0.0694652 0.0610529 -0.436376 -0.266369 0.088931 0.0768297 
0.411529 -0.0715095 -0.23724 -0.53598 0.0901956 -0.363745 0.0613808 0.0549835 -0.137118 -0.404212 0.0630412 0.0571142 -0.0485524 -0.295244 0.0744375 0.0652308 -0.430677 -0.255697 0.0904135 0.0778738 
0.420249 -0.0238302 -0.233687 -0.531297 0.0883888 -0.365492 0.0631714 0.0566164 -0.135986 -0.404317 0.0666477 0.0603707 -0.0478846 -0.281039 0.0816271 0.0711859 -0.423489 -0.237486 0.0943164 0.0807893 
0.428326 0.0285757 -0.221916 -0.52281 0.0858303 -0.36761 0.0657119 0.0589389 -0.134483 -0.403055 0.0702259 0.0635692 -0.0463383 -0.268246 0.086475 0.0751099 -0.417297 -0.220526 0.0971816 0.0828416 
0.434419 0.0761129 -0.210443 -0.504974 0.0813824 -0.368546 0.0684765 0.0614302 -0.133323 -0.401122 0.0746127 0.0674729 -0.0454104 -0.260837 0.0901948 0.0781666 -0.410685 -0.203121 0.100661 0.0853745 
0.439243 0.12727 -0.19853 -0.48867 0.0728182 -0.367307 0.0722173 0.0647534 -0.132099 -0.396733 0.0815049 0.073569 -0.0433652 -0.250969 0.0940337 0.0812449 -0.404839 -0.192257 0.104271 0.0881664 
0.442189 0.171823 -0.183836 -0.472777 0.0617516 -0.364335 0.0765309 0.068533 -0.131373 -0.392026 0.0872296 0.0786096 -0.0402418 -0.235802 0.0997514 0.0857752 -0.39977 -0.184262 0.1085 0.0915323 
0.443423 0.213784 -0.170926 -0.460077 0.0486405 -0.353063 0.0854476 0.0761985 -0.130998 -0.386018 0.0930065 0.0836414 -0.0361817 -0.218498 0.107391 0.0918293 -0.391222 -0.171113 0.115176 0.0967799 
0.444284 0.25165 -0.152904 -0.449325 0.0354773 -0.340317 0.0955833 0.0848503 -0.131517 -0.372552 0.101865 0.0911909 -0.0327722 -0.195505 0.11946 0.101388 -0.380902 -0.158294 0.121062 0.10136 
0.441118 0.287564 -0.123659 -0.436432 0.021138 -0.316526 0.110561 0.0973701 -0.132206 -0.351237 0.114981 0.102203 -0.0287201 -0.173978 0.131664 0.111018 -0.36791 -0.139844 0.132902 0.110616 
0.439171 0.310676 -0.107709 -0.425959 0.00847372 -0.293045 0.123407 0.107863 -0.13308 -0.328835 0.128759 0.113651 -0.0241971 -0.147056 0.146153 0.122191 -0.35008 -0.126905 0.140183 0.116285 
0.436116 0.3271 -0.0981479 -0.412506 -0.0106507 -0.240491 0.142004 0.122208 -0.134123 -0.291146 0.152157 0.132833 -0.0176338 -0.109347 0.166472 0.137554 -0.317558 -0.097976 0.153795 0.126525 
0.435166 0.329667 -0.0974735 -0.407315 -0.0189234 -0.21123 0.156357 0.133318 -0.134766 -0.257262 0.167384 0.14458 -0.0142088 -0.084394 0.177218 0.145306 -0.303145 -0.0790813 0.164151 0.134259 
0.432145 0.335896 -0.0933268 -0.398594 -0.0305269 -0.178561 0.171814 0.144967 -0.135329 -0.212973 0.185215 0.157717 -0.00812115 -0.0544635 0.18966 0.154044 -0.281699 -0.0504209 0.178989 0.145083 
0.427669 0.336009 -0.0893337 -0.393976 -0.0431533 -0.146755 0.184831 0.154465 -0.134591 -0.156237 0.20331 0.170025 -0.00673063 -0.0318045 0.199603 0.161008 -0.265588 -0.0145748 0.199027 0.159427 
0.419701 0.338098 -0.0834777 -0.38814 -0.0562069 -0.113043 0.199864 0.165287 -0.133104 -0.114678 0.218005 0.18009 -0.00783404 -0.0140398 0.207399 0.166405 -0.24863 0.0203672 0.217369 0.172212 
0.413096 0.342888 -0.0792556 -0.383232 -0.0784272 -0.066601 0.220267 0.179291 -0.13109 -0.0803567 0.230105 0.18821 -0.00856021 0.0134923 0.221452 0.176039 -0.230223 0.0431229 0.226917 0.178598 
0.408619 0.340237 -0.0803675 -0.37056 -0.102454 -0.00655183 0.24599 0.196509 -0.132927 -0.0301846 0.247747 0.199626 -0.0152364 0.0605059 0.24329 0.190383 -0.218688 0.06888 0.240177 0.187541 
0.407707 0.339655 -0.0804662 -0.365987 -0.108176 0.00707263 0.252072 0.200531 -0.133429 -0.0134985 0.254082 0.203635 -0.016566 0.074777 0.248454 0.193511 -0.213125 0.0846902 0.246468 0.19142 
0.403479 0.33709 -0.0773135 -0.342877 -0.124347 0.0657012 0.275638 0.215296 -0.134434 0.0762444 0.282798 0.220103 -0.0164562 0.12617 0.270016 0.206772 -0.195168 0.133339 0.267449 0.204384 
0.401039 0.334149 -0.0757011 -0.314058 -0.131241 0.112135 0.292925 0.225409 -0.133916 0.145525 0.299418 0.227922 -0.0173138 0.199033 0.289682 0.216304 -0.187185 0.157585 0.279337 0.211816 
0.400401 0.33256 -0.0728812 -0.291554 -0.134182 0.147471 0.30377 0.231005 -0.133471 0.178982 0.307276 0.23132 -0.016369 0.219956 0.3003 0.222675 -0.179907 0.179891 0.286901 0.215876 
0.399555 0.329278 -0.070591 -0.274616 -0.135581 0.18715 0.313373 0.235143 -0.133678 0.216051 0.314478 0.233781 -0.0169589 0.249949 0.316789 0.232418 -0.162262 0.220087 0.300359 0.222805 
0.39861 0.301669 -0.0197194 -0.239121 -0.130541 0.249303 0.329122 0.241835 -0.121979 0.291297 0.342333 0.247772 -0.00643184 0.296637 0.338685 0.244486 -0.136651 0.301627 0.326591 0.235371 
0.398219 0.296109 -0.00444169 -0.227102 -0.1281 0.257483 0.330568 0.242238 -0.117255 0.300908 0.344989 0.248891 -0.00413783 0.312398 0.344278 0.247106 -0.130962 0.312811 0.331801 0.238197 
0.395279 0.284847 0.0152556 -0.208945 -0.120717 0.290651 0.337858 0.244662 -0.10626 0.330891 0.353244 0.252083 0.000343613 0.341454 0.353456 0.251068 -0.113265 0.346087 0.344762 0.244458 
0.391769 0.275827 0.0334596 -0.18544 -0.115381 0.310406 0.342194 0.246075 -0.0995291 0.338023 0.356207 0.25358 0.0071516 0.370399 0.360809 0.253606 -0.105115 0.370784 0.357171 0.251 
0.388517 0.268097 0.0486595 -0.162757 -0.113251 0.318491 0.344325 0.246932 -0.0920746 0.359353 0.358866 0.253529 0.0144807 0.397073 0.36514 0.254212 -0.100363 0.38541 0.364521 0.254874 
0.38757 0.265063 0.0517031 -0.157192 -0.112526 0.319097 0.344547 0.247046 -0.088577 0.37386 0.361535 0.254059 0.0176307 0.417495 0.367783 0.254112 -0.0989789 0.389703 0.366679 0.256011 
0.385804 0.259492 0.0572924 -0.146973 -0.11149 0.319963 0.344865 0.247209 -0.0707666 0.430201 0.371173 0.255374 0.0317898 0.46247 0.380245 0.258257 -0.0773294 0.730359 0.730342 0.374091 
0.379771 0.253539 0.0534964 -0.120741 -0.110515 0.177812 0.428389 0.299125 -0.0682147 0.259859 0.418304 0.316106 0.0333377 0.328322 0.367219 0.250869 -0.112589 0.516249 0.59265 0.353466 
0.37277 0.246758 0.0491518 -0.0907221 -0.109384 0.0878675 0.481216 0.331961 -0.0654622 0.170183 0.453172 0.349924 0.033376 0.23661 0.387393 0.279721 -0.137784 0.380599 0.505565 0.340421 
0.367765 0.241992 0.0460872 -0.0695423 -0.105209 0.0382747 0.507384 0.374423 -0.0708062 0.105201 0.48009 0.376473 0.0352469 0.184751 0.420016 0.312637 -0.154738 0.295193 0.450921 0.332236 
